30,30
[floor1]
0,0,0,-1,0,K9,0,-1,-1,0,0,0,0,0,0,0,0,0,0,0,0,T7,0,0,0,-1,0,0,0,0
0,0,0,D1,0,0,0,-1,-1,0,0,0,0,0,0,0,0,0,0,0,K6,0,0,0,0,-1,0,0,0,0
0,0,0,-1,0,0,0,-1,-1,0,0,0,0,T6,0,0,0,0,0,0,0,0,0,0,0,-1,0,0,A6,0
0,0,0,-1,0,0,0,D6,D7,0,0,0,0,0,0,0,0,-1,-1,-1,-1,-1,0,0,0,-1,0,0,0,0
0,0,0,-1,0,0,0,-1,-1,0,0,0,0,0,0,0,0,-1,0,0,0,0,0,0,0,-1,0,0,0,0
0,0,0,-1,0,0,0,-1,-1,0,0,0,0,0,0,0,0,-1,0,0,K8,0,0,0,0,-1,0,0,0,0
0,0,0,-1,-1,-1,-1,-1,-1,0,0,0,0,0,0,-1,0,0,0,0,0,0,0,0,0,-1,0,0,0,0
0,0,0,-1,0,0,K1,0,0,-1,0,0,0,A1,0,-1,0,0,0,0,0,0,0,0,0,-1,0,0,0,0
K3,0,0,-1,0,0,0,0,0,-1,0,0,-1,-1,-1,-1,0,-1,-1,-1,-1,-1,0,0,0,-1,0,0,0,0
0,0,0,-1,0,0,0,0,0,D4,0,0,0,0,0,0,0,-1,0,K7,0,0,-1,0,0,-1,0,0,0,0
0,0,0,-1,0,0,0,0,0,-1,A7,0,0,0,0,0,0,D4,0,0,0,0,-1,0,0,D5,0,0,0,0
0,0,0,-1,0,0,0,0,0,-1,0,0,0,0,0,0,0,-1,-1,-1,-1,-1,0,0,0,-1,0,0,0,0
0,0,0,-1,0,0,0,0,0,-1,0,0,0,0,0,0,0,0,0,0,0,0,0,0,0,-1,0,0,0,0
0,0,0,-1,-1,-1,D8,-1,-1,-1,0,0,0,0,0,0,0,0,0,0,0,0,0,0,0,-1,0,0,0,0
0,0,0,-1,0,0,0,0,0,-1,0,0,0,0,0,0,0,0,0,0,0,0,0,0,0,-1,0,0,0,0
0,0,0,-1,0,0,0,0,0,D9,0,0,0,0,0,0,K5,0,0,0,0,0,0,0,0,-1,0,0,0,0
0,0,0,-1,0,0,0,T1,0,-1,0,0,0,0,0,0,0,0,0,0,0,0,0,0,0,-1,0,0,0,0
0,0,0,0,-1,-1,-1,-1,-1,-1,-1,-1,-1,-1,D8,-1,-1,-1,-1,-1,-1,-1,-1,-1,-1,-1,0,0,0,0
A2,0,0,0,0,0,0,0,0,0,0,-1,0,0,0,0,0,0,0,0,0,0,A5,0,0,0,0,0,0,0
0,0,0,0,0,0,0,0,0,0,0,-1,0,0,0,0,0,0,0,0,0,0,0,0,0,0,0,0,0,0
0,T2,0,0,0,0,0,0,0,0,0,-1,0,0,0,0,0,0,0,0,0,0,0,0,0,0,0,0,0,K2
0,0,0,0,0,0,K4,0,0,0,0,D2,0,0,0,0,0,0,0,0,0,T5,0,0,0,0,0,0,0,0
0,0,0,0,0,0,0,0,0,0,0,-1,0,0,0,0,0,0,0,0,0,0,0,0,0,0,0,0,0,0
0,0,0,0,0,0,0,0,0,0,0,-1,0,0,0,0,0,0,0,0,A3,0,0,0,0,0,0,0,0,0
0,0,0,0,0,0,0,0,0,0,0,-1,0,0,0,0,0,0,0,0,0,0,0,0,0,0,0,0,0,0
0,0,T4,0,0,0,0,0,0,0,0,-1,-1,-1,-1,-1,0,0,0,0,0,0,0,0,0,0,0,-1,0,0,
0,0,0,0,0,0,0,0,0,0,0,-1,0,0,UP,-1,0,0,0,0,0,0,0,0,0,0,0,-1,0,0,
A4,0,0,0,0,0,0,0,0,0,0,-1,0,0,UP,-1,0,0,0,0,0,0,0,0,0,0,0,-1,0,0,
0,0,0,0,0,0,0,0,0,0,0,-1,0,0,UP,-1,0,0,0,0,0,T7,0,0,0,0,0,-1,0,0,
0,0,0,0,0,0,0,0,0,0,0,-1,0,0,UP,-1,T3,0,0,0,0,0,0,0,0,0,0,-1,0,0,
[floor2]
0,0,0,0,0,0,0,0,0,0,0,0,0,0,0,0,0,0,0,0,0,0,0,0,0,0,0,0,0,0,
0,0,0,0,0,0,0,0,0,0,0,0,0,0,0,0,0,0,0,0,0,0,0,0,0,0,0,0,0,0,
0,0,0,0,0,0,0,0,0,0,0,0,0,0,0,0,0,0,0,0,0,0,0,0,0,0,0,0,0,0,
0,0,0,0,0,0,0,0,0,0,0,0,0,0,0,0,0,0,0,0,0,0,0,0,0,0,0,0,0,0,
0,0,0,0,DO,0,0,0,0,0,0,0,0,0,0,0,0,0,0,0,0,0,0,0,0,0,0,0,0,0,
0,0,0,0,DO,0,0,0,0,0,0,0,0,0,0,0,0,0,0,0,0,0,0,0,0,0,0,0,0,0,
0,0,0,0,DO,0,0,0,0,0,0,0,0,0,0,0,0,0,0,0,0,0,0,0,0,0,0,0,0,0,
0,0,0,0,DO,0,0,0,0,0,0,0,0,0,0,0,0,0,0,0,0,0,0,0,0,0,0,0,0,0,
0,0,0,0,0,0,0,0,0,0,0,0,0,0,0,0,0,0,0,0,0,0,0,0,0,0,0,0,0,0,
0,0,0,0,0,0,0,0,0,0,0,0,0,0,0,0,0,0,0,0,0,0,0,0,0,0,0,0,0,0,
0,0,0,0,0,0,0,0,0,0,0,0,0,0,0,0,0,0,0,0,0,0,0,0,0,0,0,0,0,0,
0,0,0,0,0,0,0,0,0,0,0,0,0,0,0,0,0,0,0,0,0,0,0,0,0,0,0,0,0,0,
0,0,0,0,0,0,0,0,0,0,0,0,0,0,0,0,0,0,0,0,0,0,0,0,0,0,0,0,0,0,
0,0,0,0,0,0,0,0,0,0,0,0,0,0,0,0,0,0,0,0,0,0,0,0,0,0,0,0,0,0,
0,0,0,0,0,0,0,0,0,0,0,0,0,0,0,0,0,0,0,0,0,0,0,0,0,0,0,0,0,0,
0,0,0,0,0,0,0,0,0,0,0,0,0,0,0,0,0,0,0,0,0,0,0,0,0,0,0,0,0,0,
0,0,0,0,0,0,0,0,0,0,0,0,0,0,0,0,0,0,0,0,0,0,0,0,0,0,0,0,0,0,
0,0,0,0,0,0,0,0,0,0,0,0,0,0,0,0,0,0,0,0,0,0,0,0,0,0,0,0,0,0,
0,0,0,0,0,0,0,0,0,0,0,0,0,0,0,0,0,0,0,0,0,0,0,0,0,0,0,0,0,0,
0,0,0,0,0,0,0,0,0,0,0,0,0,0,0,0,0,0,0,0,0,0,0,0,0,0,0,0,0,0,
0,0,0,0,0,0,0,0,0,0,0,0,0,0,0,0,0,0,0,0,0,0,0,0,0,0,0,0,0,0,
0,0,0,0,0,0,0,0,0,0,0,0,0,0,0,0,0,0,0,0,0,0,0,0,0,0,0,0,0,0,
0,0,0,0,0,0,0,0,0,0,0,0,0,0,0,0,0,0,0,0,0,0,0,0,0,0,0,0,0,0,
0,0,0,0,0,0,0,0,0,0,0,0,0,0,0,0,0,0,0,0,0,0,0,0,0,0,0,0,0,0,
0,0,0,0,0,0,0,0,0,0,0,0,0,0,0,0,0,0,0,0,0,0,0,0,0,0,0,0,0,0,
0,0,0,0,0,0,0,0,0,0,0,0,0,0,0,0,0,0,0,0,0,0,0,0,0,0,0,0,0,0,
0,0,0,0,0,0,0,0,0,0,0,0,0,0,0,0,0,0,0,0,0,0,0,0,0,0,0,0,0,0,
0,0,0,0,0,0,0,0,0,0,0,0,0,0,0,0,0,0,0,0,0,0,0,0,0,0,0,0,0,0,
0,0,0,0,0,0,0,0,0,0,0,0,0,0,0,0,0,0,0,0,0,0,0,0,0,0,0,0,0,0,
0,0,0,0,0,0,0,0,0,0,0,0,0,0,0,0,0,0,0,0,0,0,0,0,0,0,0,0,0,0,