30,30
[floor1]
-1,-1,-1,-1,-1,-1,-1,-1,-1,-1,-1,-1,-1,-1,-1,-1,-1,-1,-1,-1,-1,-1,-1,-1,-1,-1,-1,-1,-1,-1
0,0,0,0,0,0,0,0,-1,0,0,0,0,0,-1,0,0,-1,0,0,0,-1,0,0,0,0,0,0,0,-1
0,0,0,-1,0,0,0,0,-1,0,0,0,0,0,0,0,0,-1,0,0,0,-1,0,0,0,0,0,0,0,-1
0,0,0,-1,0,0,0,0,0,0,0,-1,0,0,-1,0,0,-1,0,K6,0,-1,0,0,0,0,0,0,0,-1
0,0,0,0,0,0,0,0,0,0,0,-1,0,0,0,0,0,-1,0,0,0,-1,-1,-1,-1,-1,-1,0,0,-1
-1,-1,-1,-1,D9,-1,-1,-1,-1,0,0,0,0,0,-1,0,0,-1,0,0,0,0,0,0,0,0,-1,0,0,-1
0,0,0,0,0,0,0,0,-1,0,0,0,0,0,-1,0,0,-1,-1,-1,-1,-1,-1,-1,-1,0,-1,0,0,-1
0,0,0,0,0,0,0,0,-1,-1,-1,0,0,0,-1,-1,-1,-1,0,0,0,0,0,0,-1,0,-1,0,0,-1
-1,-1,-1,-1,-1,-1,0,0,-1,0,0,0,0,0,0,0,0,-1,0,0,-1,-1,-1,0,0,0,-1,0,0,-1
0,0,0,0,0,D1,0,0,-1,0,0,0,0,0,0,0,0,-1,0,0,-1,0,0,0,0,0,0,0,0,-1
0,UP,0,0,0,-1,0,0,-1,-1,-1,D2,-1,-1,-1,-1,-1,-1,-1,-1,-1,-1,D3,-1,-1,-1,-1,-1,-1,-1
0,0,0,0,0,-1,0,0,-1,0,0,0,0,0,0,0,0,-1,0,0,0,0,0,0,0,0,0,0,0,-1
-1,-1,-1,-1,-1,-1,0,0,-1,0,0,0,0,0,0,0,0,-1,0,0,0,0,0,0,0,0,0,0,0,-1
0,0,K9,0,0,0,0,0,-1,0,0,0,0,0,0,0,0,-1,0,0,0,0,0,0,0,0,0,0,0,-1
0,0,0,0,0,0,0,0,-1,0,0,0,0,0,0,0,0,-1,0,0,0,0,0,0,0,0,0,0,0,-1
-1,-1,-1,-1,-1,-1,-1,-1,-1,0,0,0,0,0,0,0,0,-1,0,0,0,0,0,0,0,0,0,0,0,-1
0,0,0,0,0,0,0,0,0,0,0,0,0,0,0,0,0,-1,0,0,0,0,0,0,-1,-1,-1,-1,-1,-1
0,0,0,0,0,0,0,0,0,0,0,0,0,0,0,0,0,-1,0,0,0,0,0,0,-1,0,-1,0,0,-1
0,0,0,0,0,0,0,0,0,0,0,0,0,0,0,0,0,-1,0,0,0,0,0,-1,0,0,-1,0,0,-1
0,0,0,0,0,0,K5,0,0,0,0,0,0,0,0,0,0,-1,0,0,0,0,-1,0,0,0,0,K3,0,-1
0,0,0,0,0,0,0,0,0,0,0,0,0,0,0,0,0,-1,0,0,0,0,-1,0,0,0,-1,0,0,-1
0,0,0,0,0,0,0,0,0,0,0,0,0,0,0,0,0,-1,0,0,0,0,-1,0,0,0,-1,-1,-1,-1
0,0,0,0,0,0,0,0,0,0,0,0,0,0,0,0,0,-1,0,0,0,0,-1,0,0,0,0,0,0,-1
-1,-1,-1,-1,-1,-1,-1,-1,-1,0,0,0,0,0,0,0,0,-1,0,0,0,0,0,-1,0,0,0,0,0,-1
0,0,0,0,0,0,0,0,D1,0,0,0,0,0,0,0,0,-1,0,0,0,0,0,-1,0,0,0,0,0,-1
0,0,0,0,0,0,0,0,-1,0,0,0,0,0,0,0,0,-1,0,0,0,0,0,-1,0,0,0,0,0,-1
0,0,0,K10,0,0,0,0,-1,0,0,0,0,0,0,0,0,D10,0,0,0,0,0,-1,-1,-1,-1,D5,-1,-1
0,0,0,0,0,0,0,0,-1,0,0,0,0,0,0,0,0,-1,0,0,0,0,0,0,0,0,0,0,0,-1
0,0,0,0,0,0,0,0,-1,0,0,0,0,0,0,0,0,-1,0,0,0,0,0,0,0,0,0,0,0,-1
-1,-1,-1,-1,-1,-1,-1,-1,-1,-1,-1,-1,-1,-1,-1,-1,-1,-1,-1,-1,-1,-1,-1,-1,-1,-1,-1,-1,-1,-1
[floor2]
0,0,0,-1,0,0,-1,0,-1,0,0,-1,0,0,0,0,0,-1,0,0,0,0,0,0,0,0,0,0,0,-1
0,-1,0,0,0,-1,0,0,-1,0,0,-1,0,0,-1,0,0,-1,0,0,0,0,-1,0,0,-1,0,0,0,-1
0,0,0,-1,0,0,-1,0,-1,0,0,0,0,0,-1,0,0,0,0,0,0,0,-1,-1,0,0,0,0,0,-1
0,-1,0,0,0,-1,0,0,-1,0,-1,0,-1,0,0,0,-1,0,0,0,0,-1,-1,0,-1,0,-1,0,0,-1
0,0,0,-1,0,0,0,0,0,0,0,-1,0,-1,0,0,0,0,0,0,0,0,0,-1,0,0,0,0,0,-1
0,-1,0,0,0,-1,0,K4,0,0,-1,0,0,0,0,-1,-1,0,0,0,0,0,0,0,0,-1,0,0,0,-1
0,0,0,-1,0,0,0,0,0,0,0,-1,-1,0,0,0,-1,-1,-1,D2,-1,-1,-1,-1,-1,-1,0,0,0,-1
0,-1,0,-1,0,-1,0,-1,0,-1,0,-1,0,-1,0,0,-1,0,0,0,0,0,0,-1,0,-1,0,0,0,-1
0,0,0,0,0,0,0,0,0,0,0,0,0,0,0,0,-1,0,0,0,0,0,0,0,0,-1,0,0,0,-1
-1,0,-1,0,1-,0,-1,0,-1,-1,-1,-1,-1,-1,-1,-1,-1,0,0,0,0,-1,0,-1,0,-1,0,0,0,-1
0,0,0,0,0,0,0,0,-1,0,-1,0,-1,0,-1,0,-1,0,0,0,0,0,-1,0,0,-1,0,0,0,-1
0,0,-1,0,0,0,0,0,-1,0,0,0,0,0,0,0,0,0,0,0,0,0,0,0,0,-1,0,0,0,-1
0,0,0,0,0,0,0,0,-1,0,-1,0,-1,0,-1,0,-1,0,-1,0,-1,0,-1,0,0,-1,0,0,0,-1
0,0,-1,0,0,0,0,-1,-1,0,0,-1,0,0,0,0,0,0,0,0,0,0,0,0,0,-1,0,0,0,-1
0,0,0,0,0,0,-1,-1,0,-1,0,-1,0,-1,0,-1,0,-1,0,-1,0,-1,0,-1,0,-1,0,0,0,-1
0,0,-1,0,0,-1,0,0,0,0,0,0,0,0,0,0,0,0,0,0,0,0,0,0,0,-1,0,0,0,-1
0,0,-1,0,-1,0,-1,0,K9,0,-1,0,-1,0,-1,0,-1,0,-1,0,-1,0,-1,0,0,-1,0,0,0,-1
0,0,-1,-1,0,0,0,0,0,0,0,-1,0,0,0,-1,0,0,-1,0,0,0,0,0,0,-1,0,0,0,-1
0,0,-1,0,0,-1,0,-1,0,-1,0,-1,0,-1,0,-1,0,-1,0,-1,0,-1,0,-1,0,-1,0,0,0,-1
0,0,-1,0,0,0,0,K8,0,0,0,0,0,0,0,0,0,0,0,0,0,0,0,0,0,-1,0,0,0,-1
0,0,-1,-1,0,-1,0,-1,0,-1,0,-1,0,-1,0,-1,0,-1,0,-1,0,-1,0,-1,0,-1,0,0,0,-1
0,0,-1,0,0,0,0,0,0,0,0,0,0,0,0,0,0,0,0,0,0,-1,-1,-1,-1,-1,0,0,0,-1
0,0,-1,0,-1,0,-1,0,-1,0,-1,0,-1,0,-1,0,-1,0,-1,0,0,D8,0,K1,0,-1,0,0,0,-1
0,0,-1,0,0,0,0,0,0,0,0,0,0,0,0,0,0,0,0,0,0,-1,0,K2,0,-1,0,0,0,-1
0,0,-1,0,-1,0,-1,0,-1,0,-1,0,-1,0,-1,0,-1,0,-1,0,0,-1,-1,-1,-1,-1,0,0,0,-1
0,0,-1,UP,UP,0,0,0,0,0,0,0,0,0,0,0,0,0,0,0,0,0,0,0,0,-1,0,0,0,-1
0,0,-1,0,0,0,0,0,0,0,0,0,0,0,0,0,0,0,0,0,0,0,0,0,-1,-1,0,0,0,-1
0,0,-1,-1,-1,-1,-1,-1,-1,-1,-1,-1,-1,-1,-1,-1,D4,D4,-1,-1,-1,-1,-1,-1,-1,-1,0,0,0,-1
0,0,0,0,0,0,0,0,DO,0,0,0,0,0,0,0,0,0,0,0,0,0,0,0,0,0,0,0,0,-1
-1,-1,-1,-1,-1,-1,-1,-1,-1,-1,-1,-1,-1,-1,-1,-1,-1,-1,-1,-1,-1,-1,-1,-1,-1,-1,-1,-1,-1,-1
[floor3]
-1,-1,-1,-1,-1,-1,-1,-1,-1,-1,-1,-1,-1,-1,-1,-1,-1,-1,-1,-1,-1,-1,-1,-1,-1,-1,-1,-1,-1,-1
0,0,0,0,0,0,0,0,0,0,0,0,0,0,-1,0,0,0,0,0,0,0,0,0,0,0,0,0,0,0
0,0,0,0,0,0,0,0,0,0,0,0,0,0,-1,0,0,0,0,0,0,0,0,0,0,0,0,0,0,0
0,0,0,-1,-1,-1,-1,-1,-1,0,0,0,0,0,-1,0,0,0,K11,0,0,0,0,0,-1,0,0,0,0,0
0,0,0,-1,0,A1,0,0,D3,0,0,0,0,0,-1,0,0,0,0,0,0,0,0,-1,0,0,0,0,0,0
0,0,0,-1,0,0,0,0,-1,0,0,0,0,0,-1,0,0,0,0,0,0,0,-1,0,0,0,0,0,0,0
0,0,0,-1,0,DO,0,0,-1,0,0,0,0,0,-1,0,0,0,0,0,0,-1,0,0,0,0,0,0,0,0
0,0,0,-1,-1,-1,-1,-1,-1,0,0,0,0,0,-1,0,0,0,0,0,-1,0,0,0,0,0,0,0,0,0
0,0,0,0,0,0,0,0,0,0,0,0,0,0,-1,0,0,0,0,-1,0,0,0,0,0,-1,-1,-1,-1,-1
0,0,0,0,0,K7,0,0,0,0,-1,0,0,0,-1,0,0,0,-1,0,0,0,0,0,0,D16,0,T1,0,-1
0,0,0,0,0,0,0,0,0,0,0,0,0,0,-1,0,0,-1,0,0,0,0,0,0,0,-1,-1,-1,-1,-1
0,0,0,0,0,0,0,0,0,0,0,0,-1,-1,-1,-1,-1,0,0,0,0,0,0,0,0,0,0,0,0,0
-1,0,-1,0,-1,0,-1,0,-1,0,-1,0,0,-1,0,-1,0,-1,0,-1,0,-1,0,-1,0,-1,0,-1,0,-1
0,0,0,0,0,0,0,0,0,0,0,0,-1,0,0,0,-1,0,0,0,0,0,0,0,0,0,0,0,0,0
0,-1,0,-1,0,-1,0,-1,0,-1,0,-1,0,0,0,0,0,-1,0,0,-1,0,-1,0,-1,0,-1,0,-1,0
0,0,0,0,0,0,0,0,0,0,-1,0,0,0,-1,0,0,0,-1,0,0,0,0,0,0,0,0,0,0,0
-1,0,-1,0,-1,0,-1,0,0,-1,0,0,0,0,0,0,0,0,0,-1,0,-1,0,-1,0,-1,0,-1,0,-1
0,0,0,0,0,0,0,0,-1,0,0,0,0,0,-1,0,0,0,0,0,-1,0,0,0,0,0,0,0,0,0
0,-1,0,-1,0,-1,0,-1,0,0,0,0,0,-1,0,-1,0,0,0,0,0,D7,0,0,-1,0,-1,0,-1,0
0,0,0,0,0,0,-1,0,0,0,0,0,-1,0,0,0,-1,0,0,0,0,0,-1,0,0,0,0,0,0,0
0,0,0,0,0,-1,0,0,0,0,0,-1,0,0,-1,0,0,-1,0,0,0,0,0,-1,0,0,0,-1,0,-1
0,0,0,0,D6,0,0,0,0,0,-1,0,0,0,0,0,0,0,-1,0,0,0,0,0,-1,0,0,0,0,0
0,0,0,-1,0,0,0,0,0,-1,0,0,0,0,-1,0,0,0,0,-1,0,0,0,0,0,-1,0,0,0,0
0,0,-1,0,0,0,0,0,-1,0,0,0,0,0,0,0,0,0,0,0,D11,0,0,0,0,0,-1,0,0,0
0,0,-1,0,0,0,0,-1,0,0,0,0,0,0,-1,0,0,0,0,0,0,-1,0,0,0,0,-1,0,0,0
0,0,-1,0,0,0,-1,0,0,0,0,0,0,0,0,0,0,0,0,0,0,0,-1,0,0,0,-1,0,0,0
0,0,-1,0,K13,0,-1,0,0,0,0,0,0,0,-1,0,0,0,K12,0,0,0,-1,0,0,0,-1,0,0,0
0,0,-1,0,0,0,-1,0,0,UP,0,0,0,0,0,0,0,0,0,0,0,0,-1,0,0,0,-1,0,0,0
0,0,-1,0,0,0,-1,0,0,0,0,0,0,0,-1,0,0,0,0,0,0,0,-1,0,0,0,-1,0,0,0
-1,-1,-1,-1,-1,-1,-1,-1,-1,-1,-1,-1,-1,-1,-1,-1,-1,-1,-1,-1,-1,-1,-1,-1,-1,-1,-1,-1,-1,-1
[floor4]
-1,-1,-1,-1,-1,-1,-1,-1,-1,-1,-1,-1,-1,-1,-1,-1,-1,-1,-1,-1,-1,-1,-1,-1,-1,-1,-1,-1,-1,-1
0,0,0,0,-1,0,0,0,-1,0,0,0,0,0,0,0,0,0,0,0,0,0,0,0,0,0,0,0,0,-1
DO,0,-1,0,-1,0,-1,0,-1,0,-1,0,-1,0,-1,0,-1,0,-,0,-1,0,-1,0,-1,0,-1,0,-1,0
0,0,-1,0,0,0,-1,0,0,0,-1,0,0,0,0,0,0,0,0,0,0,0,0,0,0,0,0,0,0,0
-1,-1,-1,-1,-1,-1,-1,-1,-1,-1,-1,-1,D11,-1,-1,-1,-1,-1,-1,-1,-1,-1,-1,-1,-1,-1,-1,-1,-1,-1
0,0,0,0,0,0,0,0,0,0,0,0,0,0,0,0,0,0,0,0,0,0,0,0,0,0,0,0,0,0
0,0,-1,-1,-1,-1,-1,-1,D13,-1,-1,-1,-1,-1,-1,-1,-1,-1,-1,-1,-1,-1,-1,-1,-1,-1,-1,-1,0,0
0,0,-1,0,0,0,0,0,0,0,0,0,0,0,0,0,0,0,0,0,0,0,0,0,0,0,0,-1,0,0
0,0,-1,0,-1,0,-1,0,-1,0,-1,0,-1,0,-1,0,-1,0,-1,0,-1,0,-1,0,-1,0,0,-1,0,0
0,0,-1,0,0,0,0,0,0,0,0,0,0,0,0,0,0,0,0,0,0,0,0,0,0,0,0,-1,0,0
K14,0,-1,0,-1,0,-1,-1,-1,-1,-1,-1,-1,-1,-1,-1,-1,-1,-1,-1,-1,-1,-1,-1,0,-1,0,-1,0,0
0,0,-1,0,0,0,-1,0,0,0,0,0,0,0,0,0,0,0,0,0,0,0,0,-1,0,0,0,-1,0,0
0,0,-1,0,-1,0,-1,0,-1,0,-1,0,-1,0,-1,0,-1,0,-1,0,-1,0,0,-1,0,-1,0,-1,0,0
0,0,-1,0,0,0,-1,0,0,0,0,-1,0,0,0,0,0,0,0,0,0,0,0,-1,0,0,0,-1,0,0
0,0,-1,0,-1,0,-1,0,0,0,-1,-1,-1,D12,-1,-1,-1,-1,-1,-1,0,-1,0,-1,0,-1,0,-1,0,0
0,0,-1,0,0,0,-1,-1,0,0,-1,UP,0,0,0,0,0,0,0,-1,0,0,0,-1,0,0,0,-1,0,0
0,0,-1,0,-1,0,-1,0,0,0,-1,0,0,0,0,0,0,0,0,-1,0,-1,0,-1,-1,-1,0,-1,0,0
0,0,-1,0,0,0,-1,0,-1,0,-1,-1,0,-1,0,-1,0,-1,0,-1,0,0,0,-1,0,0,0,-1,0,0
0,0,-1,0,-1,0,-1,0,0,0,-1,0,0,0,0,0,K15,0,0,-1,0,-1,0,-1,0,-1,-1,-1,0,0
0,0,-1,0,0,0,-1,0,-1,-1,-1,0,-1,0,-1,0,-1,0,0,-1,0,0,0,-1,0,0,0,-1,0,0
0,0,-1,0,-1,0,-1,0,0,0,-1,0,0,0,0,0,0,0,0,-1,0,-1,0,-1,0,0,-1,-1,0,0
0,0,-1,0,0,0,-1,-1,-1,0,-1,-1,-1,-1,-1,-1,-1,-1,-1,-1,0,0,0,-1,0,0,0,-1,0,0
0,0,-1,0,-1,0,-1,0,0,0,0,0,0,0,0,0,0,0,0,0,0,0,0,-1,-1,0,0,-1,0,0
0,0,-1,0,0,0,-1,0,-1,0,-1,0,-1,0,-1,0,-1,0,-1,0,-1,0,0,-1,0,0,0,-1,0,0
0,0,-1,0,-1,0,-1,0,0,0,0,0,0,0,0,0,0,0,0,0,0,0,0,-1,0,0,0,-1,0,0
0,0,-1,0,0,0,-1,-1,-1,D14,-1,-1,-1,-1,-1,-1,-1,-1,-1,-1,-1,-1,-1,-1,0,0,0,-1,0,0
0,0,-1,0,-1,0,0,0,0,0,0,0,0,0,0,0,0,0,0,0,0,0,0,0,0,0,0,-1,0,0
0,0,-1,0,0,0,-1,0,-1,0,-1,0,-1,0,-1,0,-1,0,-1,0,-1,0,-1,0,-1,0,0,-1,0,0
0,0,-1,0,-1,0,0,0,0,0,0,0,0,0,0,0,0,0,0,0,0,0,0,0,0,0,0,-1,0,0
-1,-1,-1,-1,-1,-1,-1,-1,-1,-1,-1,-1,-1,-1,-1,-1,-1,-1,-1,-1,-1,-1,-1,-1,-1,-1,-1,-1,-1,-1
[floor5]
-1,-1,-1,-1,-1,-1,-1,-1,-1,-1,-1,-1,-1,-1,-1,-1,-1,-1,-1,-1,-1,-1,-1,-1,-1,-1,-1,-1,-1,-1
-1,DO,0,0,0,D15,0,0,0,0,0,0,0,0,0,0,0,0,0,0,0,0,0,0,0,0,0,0,0,-1
-1,-1,-1,-1,-1,-1,-1,0,-1,0,-1,0,-1,0,-1,0,-1,0,-1,0,-1,0,-1,0,-1,0,-1,0,-1,0
0,0,0,0,0,0,0,0,0,0,0,0,0,0,0,0,0,0,0,0,0,0,0,0,0,0,0,0,0,0
0,-1,0,-1,0,-1,0,-1,0,-1,0,-1,0,-1,0,-1,0,-1,0,-1,0,-1,0,-1,0,-1,0,-1,0,-1
0,0,0,0,0,0,0,0,0,0,0,0,0,0,0,0,0,0,0,0,0,0,0,0,0,0,0,0,0,0
-1,0,-1,0,-1,0,-1,0,-1,0,-1,0,-1,0,-1,0,-1,0,-1,0,-1,0,-1,0,-1,0,-1,0,-1,0
0,0,0,0,0,0,0,0,0,0,0,0,0,0,0,0,0,0,0,0,0,0,0,0,0,0,0,0,0,0
0,-1,0,-1,0,-1,0,-1,0,-1,0,-1,0,-1,0,-1,0,-1,0,-1,0,-1,0,-1,0,-1,0,-1,0,-1
0,0,0,0,0,0,0,0,0,0,0,0,0,0,0,0,0,0,0,0,0,0,0,0,0,0,0,0,0,0
-1,0,-1,0,-1,0,-1,0,-1,0,-1,0,-1,0,-1,0,-1,0,-1,0,-1,0,-1,0,-1,0,-1,0,-1,0
0,0,0,0,0,0,0,0,0,0,0,0,0,0,0,0,0,0,0,0,0,0,0,0,0,0,0,0,0,0
0,-1,0,-1,0,-1,0,-1,0,-1,0,-1,0,-1,0,-1,0,-1,0,-1,0,-1,0,-1,0,-1,0,-1,0,-1
0,0,0,0,0,0,0,0,0,0,0,0,0,K16,0,0,0,0,0,0,0,0,0,0,0,0,0,0,0,0
-1,0,-1,0,-1,0,-1,0,-1,0,-1,0,-1,0,-1,0,-1,0,-1,0,-1,0,-1,0,-1,0,-1,0,-1,0
0,0,0,0,0,0,0,0,0,0,0,0,0,0,0,0,0,0,0,0,0,0,0,0,0,0,0,0,0,0
0,-1,0,-1,0,-1,0,-1,0,-1,0,-1,0,-1,0,-1,0,-1,0,-1,0,-1,0,-1,0,-1,0,-1,0,-1
0,0,0,0,0,0,0,0,0,0,0,0,0,0,0,0,0,0,0,0,0,0,0,0,0,0,0,0,0,0
-1,0,-1,0,-1,0,-1,0,-1,0,-1,0,-1,0,-1,0,-1,0,-1,0,-1,0,-1,0,-1,0,-1,0,-1,0
0,0,0,0,0,0,0,0,0,0,0,0,0,0,0,0,0,0,0,0,0,0,0,0,0,0,0,0,0,0
0,-1,0,-1,0,-1,0,-1,0,-1,0,-1,0,-1,0,-1,0,-1,0,-1,0,-1,0,-1,0,-1,0,-1,0,-1
0,0,0,0,0,0,0,0,0,0,0,0,0,0,0,0,0,0,0,0,0,0,0,0,0,0,0,0,0,0
-1,0,-1,0,-1,0,-1,0,-1,0,-1,0,-1,0,-1,0,-1,0,-1,0,-1,0,-1,0,-1,0,-1,0,-1,0
0,0,0,0,0,0,0,0,0,0,0,0,0,0,0,0,0,0,0,0,0,0,0,0,0,0,0,0,0,0
0,-1,0,-1,0,-1,0,-1,0,-1,0,-1,0,-1,0,-1,0,-1,0,-1,0,-1,0,-1,0,-1,0,-1,0,-1
0,0,0,0,0,0,0,0,0,0,0,0,0,0,0,0,0,0,0,0,0,0,0,0,0,0,0,0,0,0
-1,0,-1,0,-1,0,-1,0,-1,0,-1,0,-1,0,-1,0,-1,0,-1,0,-1,0,-1,0,-1,0,-1,0,-1,0
0,0,0,0,0,0,0,0,0,0,0,0,0,0,0,0,0,0,0,0,0,0,0,0,0,0,0,0,0,0
-1,0,-1,0,-1,0,-1,0,-1,0,-1,0,-1,0,-1,0,-1,0,-1,0,-1,0,-1,0,-1,0,-1,0,0,-1
-1,-1,-1,-1,-1,-1,-1,-1,-1,-1,-1,-1,-1,-1,-1,-1,-1,-1,-1,-1,-1,-1,-1,-1,-1,-1,-1,-1,-1,-1